dd if=/dev/zero of=xv6.img count=10000
dd if=bootblock of=xv6.img conv=notrunc
dd if=kernel of=xv6.img seek=1 conv=notrunc
qemu-system-i386 -serial mon:stdio -hdb fs.img xv6.img -smp 1 -m 512 
xv6...
cpu0: starting
sb: size 1000 nblocks 941 ninodes 200 nlog 30 logstart 2 inodestart 32 bmap start 58
init: starting sh
$ usertests

P   O   Pid D   C  Miss  Arr     First   Finish    Current
1   1   3   1   1   0   6060   6060   6093
4   4   6   4   4   0   6093   6094   6094
3   3   5   3   3   0   6083   6094   6094
2   2   4   2   2   0   6072   6094   6094
4   4   6   4   4   0   6338   6338   6338
3   3   5   3   3   0   6338   6338   6338
2   2   4   2   2   0   6338   6338   6338
4   4   6   4   4   0   7861   7861   7861
3   3   5   3   3   0   7861   7861   7861
2   2   4   2   2   0   7861   7861   7861
4   4   6   4   4   0   9383   9383   9383
3   3   5   3   3   0   9383   9383   9383
2   2   4   2   2   0   9383   9383   9383
4   4   6   4   4   0   10906   10906   10906
3   3   5   3   3   0   10906   10906   10906
2   2   4   2   2   0   10906   10906   10906
4   4   6   4   4   0   12428   12428   12428
3   3   5   3   3   0   12428   12428   12428
2   2   4   2   2   0   12428   12428   12428
4   4   6   4   4   0   13951   13951   13952
3   3   5   3   3   0   13951   13952   13952
2   2   4   2   2   0   13951   13952   13952
4   4   6   4   4   0   15473   15473   15473
3   3   5   3   3   0   15473   15473   15473
2   2   4   2   2   0   15473   15473   15473
4   4   6   4   4   0   16996   16996   16996
3   3   5   3   3   0   16996   16996   16996
2   2   4   2   2   0   16996   16996   16996
4   4   6   4   4   0   18518   18518   18518
3   3   5   3   3   0   18518   18518   18518
2   2   4   2   2   0   18518   18518   18518
4   4   6   4   4   0   20041   20041   20041
3   3   5   3   3   0   20041   20041   20041
2   2   4   2   2   0   20041   20041   20045
4   4   6   4   4   0   21563   21563   21563
3   3   5   3   3   0   21563   21563   21563
2   2   4   2   2   0   21563   21563   21563
4   4   6   4   4   0   23086   23086   23087
3   3   5   3   3   0   23086   23087   23087
2   2   4   2   2   0   23086   23087   23087
4   4   6   4   4   0   24608   24608   24608
3   3   5   3   3   0   24608   24608   24608
2   2   4   2   2   0   24608   24608   24608
4   4   6   4   4   0   26130   26130   26130
3   3   5   3   3   0   26130   26130   26130
2   2   4   2   2   0   26130   26130   26130
4   4   6   4   4   0   27653   27653   27653
3   3   5   3   3   0   27653   27653   27653
2   2   4   2   2   0   27653   27653   27653
4   4   6   4   4   0   29175   29175   29175
3   3   5   3   3   0   29175   29175   29175
2   2   4   2   2   0   29175   29175   29175
4   4   6   4   4   0   30698   30698   30698
3   3   5   3   3   0   30698   30698   30698
2   2   4   2   2   0   30698   30698   30698
4   4   6   4   4   0   32220   32220   32221
3   3   5   3   3   0   32220   32221   32224
2   2   4   2   2   0   32220   32224   32224
4   4   6   4   4   0   33743   33743   33743
3   3   5   3   3   0   33743   33743   33743
2   2   4   2   2   0   33743   33743   33743
4   4   6   4   4   0   35266   35266   35266
3   3   5   3   3   0   35266   35266   35266
2   2   4   2   2   0   35266   35266   35270
4   4   6   4   4   0   36788   36788   36788
3   3   5   3   3   0   36788   36788   36788
2   2   4   2   2   0   36788   36788   36788
4   4   6   4   4   0   38310   38310   38310
3   3   5   3   3   0   38310   38310   38310
2   2   4   2   2   0   38310   38310   38310
4   4   6   4   4   0   39832   39833   39833
3   3   5   3   3   0   39832   39833   39833
2   2   4   2   2   0   39832   39833   39833
4   4   6   4   4   0   41355   41355   41356
3   3   5   3   3   0   41355   41356   41356
2   2   4   2   2   0   41355   41356   41356
4   4   6   4   4   0   42877   42878   42878
3   3   5   3   3   0   42877   42878   42878
2   2   4   2   2   0   42877   42878   42878
4   4   6   4   4   0   44400   44400   44400
3   3   5   3   3   0   44400   44400   44400
2   2   4   2   2   0   44400   44400   44400
4   4   6   4   4   0   45922   45922   45922
3   3   5   3   3   0   45922   45922   45923
2   2   4   2   2   0   45922   45923   45923
4   4   6   4   4   0   47445   47445   47445
3   3   5   3   3   0   47445   47445   47445
2   2   4   2   2   0   47445   47445   47445
4   4   6   4   4   0   48968   48968   48968
3   3   5   3   3   0   48968   48968   48968
2   2   4   2   2   0   48968   48968   48968
4   4   6   4   4   0   50490   50490   50491
3   3   5   3   3   0   50490   50491   50491
2   2   4   2   2   0   50490   50491   50497
4   4   6   4   4   0   52012   52012   52012
3   3   5   3   3   0   52012   52012   52012
2   2   4   2   2   0   52012   52012   52012
4   4   6   4   4   0   53535   53535   53535
3   3   5   3   3   0   53535   53535   53535
2   2   4   2   2   0   53535   53535   53535
4   4   6   4   4   0   55057   55057   55057
3   3   5   3   3   0   55057   55057   55057
2   2   4   2   2   0   55057   55057   55057
4   4   6   4   4   0   56580   56580   56580
3   3   5   3   3   0   56580   56580   56580
2   2   4   2   2   0   56580   56580   56580
4   4   6   4   4   0   58103   58103   58103
3   3   5   3   3   0   58103   58103   58103
2   2   4   2   2   0   58103   58103   58103
4   4   6   4   4   0   59625   59625   59626
3   3   5   3   3   0   59625   59626   59628
2   2   4   2   2   0   59625   59628   59628
4   4   6   4   4   0   61147   61147   61147
3   3   5   3   3   0   61147   61147   61147
2   2   4   2   2   0   61147   61147   61147
4   4   6   4   4   0   62669   62670   62670
3   3   5   3   3   0   62669   62670   62670
2   2   4   2   2   0   62669   62670   62670
4   4   6   4   4   0   64192   64192   64192
3   3   5   3   3   0   64192   64192   64192
2   2   4   2   2   0   64192   64192   64192
4   4   6   4   4   0   65715   65715   65715
3   3   5   3   3   0   65715   65715   65715
2   2   4   2   2   0   65715   65715   65719
4   4   6   4   4   0   67237   67237   67237
3   3   5   3   3   0   67237   67237   67237
2   2   4   2   2   0   67237   67237   67237
4   4   6   4   4   0   68759   68759   68760
3   3   5   3   3   0   68759   68760   68760
2   2   4   2   2   0   68759   68760   68760
4   4   6   4   4   0   70282   70282   70282
3   3   5   3   3   0   70282   70282   70282
2   2   4   2   2   0   70282   70282   70282
4   4   6   4   4   0   71805   71805   71805
3   3   5   3   3   0   71805   71805   71805
2   2   4   2   2   0   71805   71805   71805
4   4   6   4   4   0   73327   73327   73327
3   3   5   3   3   0   73327   73327   73327
2   2   4   2   2   0   73327   73327   73327
4   4   6   4   4   0   74849   74849   74849
3   3   5   3   3   0   74849   74849   74849
2   2   4   2   2   0   74849   74849   74849
4   4   6   4   4   0   76372   76372   76372
3   3   5   3   3   0   76372   76372   76372
2   2   4   2   2   0   76372   76372   76372
4   4   6   4   4   0   77894   77894   77895
3   3   5   3   3   0   77894   77895   77895
2   2   4   2   2   0   77894   77895   77895
4   4   6   4   4   0   79417   79417   79417
3   3   5   3   3   0   79417   79417   79417
2   2   4   2   2   0   79417   79417   79417
4   4   6   4   4   0   80939   80939   80939
3   3   5   3   3   0   80939   80939   80939
2   2   4   2   2   0   80939   80939   80944
4   4   6   4   4   0   82462   82462   82462
3   3   5   3   3   0   82462   82462   82462
2   2   4   2   2   0   82462   82462   82462
4   4   6   4   4   0   83984   83984   83984
3   3   5   3   3   0   83984   83984   83984
2   2   4   2   2   0   83984   83984   83984
4   4   6   4   4   0   85507   85507   85507
3   3   5   3   3   0   85507   85507   85507
2   2   4   2   2   0   85507   85507   85507
4   4   6   4   4   0   87029   87029   87031
3   3   5   3   3   0   87029   87031   87033
2   2   4   2   2   0   87029   87033   87033
4   4   6   4   4   0   88551   88552   88552
3   3   5   3   3   0   88551   88552   88552
2   2   4   2   2   0   88551   88552   88552
4   4   6   4   4   0   90074   90074   90074
3   3   5   3   3   0   90074   90074   90074
2   2   4   2   2   0   90074   90074   90074
4   4   6   4   4   0   91596   91596   91596
3   3   5   3   3   0   91596   91596   91596
2   2   4   2   2   0   91596   91596   91596
4   4   6   4   4   0   93119   93119   93119
3   3   5   3   3   0   93119   93119   93119
2   2   4   2   2   0   93119   93119   93119
4   4   6   4   4   0   94642   94642   94642
3   3   5   3   3   0   94642   94642   94642
2   2   4   2   2   0   94642   94642   94642
4   4   6   4   4   0   96164   96164   96165
3   3   5   3   3   0   96164   96165   96165
2   2   4   2   2   0   96164   96165   96170
4   4   6   4   4   0   97686   97686   97686
3   3   5   3   3   0   97686   97686   97686
2   2   4   2   2   0   97686   97686   97686
4   4   6   4   4   0   99209   99209   99209
3   3   5   3   3   0   99209   99209   99209
2   2   4   2   2   0   99209   99209   99209
4   4   6   4   4   0   100731   100731   100731
3   3   5   3   3   0   100731   100731   100731
2   2   4   2   2   0   100731   100731   100731
4   4   6   4   4   0   102254   102254   102254
3   3   5   3   3   0   102254   102254   102254
2   2   4   2   2   0   102254   102254   102254
4   4   6   4   4   0   103776   103776   103776
3   3   5   3   3   0   103776   103776   103776
2   2   4   2   2   0   103776   103776   103776
4   4   6   4   4   0   105298   105298   105299
3   3   5   3   3   0   105298   105299   105299
2   2   4   2   2   0   105298   105299   105299
1   1   3   1   1   0   105299   105299   105300
3   3   5   3   3   0   106821   106821   106821
2   2   4   2   2   0   106821   106821   106821
3   3   5   3   3   0   108344   108344   108344
2   2   4   2   2   0   108344   108344   108344
3   3   5   3   3   0   109866   109866   109866
2   2   4   2   2   0   109866   109866   109866
3   3   5   3   3   0   111388   111388   111388
2   2   4   2   2   0   111388   111388   111393
3   3   5   3   3   0   112911   112911   112911
2   2   4   2   2   0   112911   112911   112911
3   3   5   3   3   0   114433   114433   114435
2   2   4   2   2   0   114433   114436   114436
3   3   5   3   3   0   115956   115956   115956
2   2   4   2   2   0   115956   115956   115956
3   3   5   3   3   0   117478   117478   117478
2   2   4   2   2   0   117478   117478   117478
3   3   5   3   3   0   119001   119001   119001
2   2   4   2   2   0   119001   119001   119001
3   3   5   3   3   0   120523   120523   120523
2   2   4   2   2   0   120523   120523   120523
3   3   5   3   3   0   122046   122046   122046
2   2   4   2   2   0   122046   122046   122046
3   3   5   3   3   0   123568   123568   123568
2   2   4   2   2   0   123568   123568   123568
3   3   5   3   3   0   125091   125091   125091
2   2   4   2   2   0   125091   125091   125091
3   3   5   3   3   0   126613   126613   126613
2   2   4   2   2   0   126613   126613   126618
3   3   5   3   3   0   128135   128135   128136
2   2   4   2   2   0   128135   128136   128136
3   3   5   3   3   0   129658   129658   129658
2   2   4   2   2   0   129658   129658   129658
3   3   5   3   3   0   131181   131181   131181
2   2   4   2   2   0   131181   131181   131181
3   3   5   3   3   0   132703   132703   132703
2   2   4   2   2   0   132703   132703   132703
3   3   5   3   3   0   134225   134225   134225
2   2   4   2   2   0   134225   134225   134225
3   3   5   3   3   0   135748   135748   135748
2   2   4   2   2   0   135748   135748   135748
3   3   5   3   3   0   137270   137270   137270
2   2   4   2   2   0   137270   137270   137270
3   3   5   3   3   0   138793   138793   138793
2   2   4   2   2   0   138793   138793   138793
3   3   5   3   3   0   140315   140315   140315
2   2   4   2   2   0   140315   140315   140315
3   3   5   3   3   0   141838   141838   141840
2   2   4   2   2   0   141838   141840   141845
3   3   5   3   3   0   143360   143360   143360
2   2   4   2   2   0   143360   143360   143360
3   3   5   3   3   0   144883   144883   144883
2   2   4   2   2   0   144883   144883   144883
3   3   5   3   3   0   146405   146405   146405
2   2   4   2   2   0   146405   146405   146405
3   3   5   3   3   0   147928   147928   147928
2   2   4   2   2   0   147928   147928   147928
3   3   5   3   3   0   149450   149450   149450
2   2   4   2   2   0   149450   149450   149450
3   3   5   3   3   0   150972   150972   150972
2   2   4   2   2   0   150972   150973   150973
3   3   5   3   3   0   152495   152495   152495
2   2   4   2   2   0   152495   152495   152495
3   3   5   3   3   0   154018   154018   154018
2   2   4   2   2   0   154018   154018   154018
3   3   5   3   3   0   155540   155540   155540
2   2   4   2   2   0   155540   155540   155540
3   3   5   3   3   0   157062   157062   157062
2   2   4   2   2   0   157062   157062   157067
3   3   5   3   3   0   158585   158585   158585
2   2   4   2   2   0   158585   158585   158585
3   3   5   3   3   0   160108   160108   160108
2   2   4   2   2   0   160108   160108   160108
3   3   5   3   3   0   161630   161630   161630
2   2   4   2   2   0   161630   161630   161630
3   3   5   3   3   0   163152   163153   163153
2   2   4   2   2   0   163152   163153   163153
3   3   5   3   3   0   164675   164675   164675
2   2   4   2   2   0   164675   164675   164675
3   3   5   3   3   0   166197   166197   166197
2   2   4   2   2   0   166197   166197   166197
3   3   5   3   3   0   167720   167720   167720
2   2   4   2   2   0   167720   167720   167720
3   3   5   3   3   0   169242   169242   169244
2   2   4   2   2   0   169242   169244   169244
3   3   5   3   3   0   170764   170764   170764
2   2   4   2   2   0   170764   170764   170764
3   3   5   3   3   0   172287   172287   172287
2   2   4   2   2   0   172287   172287   172287
1   1   3   1   1   0   172287   172287   172288
3   3   5   3   3   0   173809   173809   173809
3   3   5   3   3   0   175332   175332   175332
3   3   5   3   3   0   176854   176855   176855
3   3   5   3   3   0   178377   178377   178377
3   3   5   3   3   0   179899   179899   179899
3   3   5   3   3   0   181422   181422   181422
3   3   5   3   3   0   182944   182944   182944
3   3   5   3   3   0   184467   184467   184467
3   3   5   3   3   0   185989   185990   185990
3   3   5   3   3   0   187512   187512   187512
3   3   5   3   3   0   189034   189034   189034
3   3   5   3   3   0   190557   190557   190557
3   3   5   3   3   0   192079   192079   192079
3   3   5   3   3   0   193601   193601   193601
3   3   5   3   3   0   195124   195124   195124
3   3   5   3   3   0   196646   196646   196649
3   3   5   3   3   0   198169   198169   198169
3   3   5   3   3   0   199692   199692   199692
3   3   5   3   3   0   201214   201214   201214
3   3   5   3   3   0   202736   202736   202736
3   3   5   3   3   0   204259   204259   204259
3   3   5   3   3   0   205781   205781   205781
3   3   5   3   3   0   207304   207304   207304
3   3   5   3   3   0   208826   208826   208826
3   3   5   3   3   0   210348   210348   210349
3   3   5   3   3   0   211871   211871   211871
3   3   5   3   3   0   213394   213394   213394
3   3   5   3   3   0   214916   214916   214916
3   3   5   3   3   0   216438   216438   216438
3   3   5   3   3   0   217961   217961   217961
3   3   5   3   3   0   219483   219483   219483
3   3   5   3   3   0   221006   221006   221006
3   3   5   3   3   0   222528   222528   222528
3   3   5   3   3   0   224051   224051   224053
3   3   5   3   3   0   225573   225573   225573
3   3   5   3   3   0   227096   227096   227096
3   3   5   3   3   0   228618   228618   228618
3   3   5   3   3   0   230141   230141   230141
3   3   5   3   3   0   231663   231663   231663
3   3   5   3   3   0   233185   233185   233186
3   3   5   3   3   0   234708   234708   234708
3   3   5   3   3   0   236231   236231   236231
3   3   5   3   3   0   237753   237753   237753
3   3   5   3   3   0   239275   239275   239275
3   3   5   3   3   0   240798   240798   240798
3   3   5   3   3   0   242320   242320   242320
3   3   5   3   3   0   243843   243843   243843
3   3   5   3   3   0   245365   245365   245365
3   3   5   3   3   0   246888   246888   246888
3   3   5   3   3   0   248410   248410   248410
3   3   5   3   3   0   249933   249933   249933
3   3   5   3   3   0   251455   251455   251458
3   3   5   3   3   0   252977   252977   252977
3   3   5   3   3   0   254500   254500   254500
3   3   5   3   3   0   256022   256022   256022
3   3   5   3   3   0   257545   257545   257545
3   3   5   3   3   0   259068   259068   259068
3   3   5   3   3   0   260590   260590   260590
3   3   5   3   3   0   262112   262112   262112
3   3   5   3   3   0   263635   263635   263635
3   3   5   3   3   0   265157   265157   265157
3   3   5   3   3   0   266680   266680   266680
3   3   5   3   3   0   268202   268202   268202
3   3   5   3   3   0   269725   269725   269725
3   3   5   3   3   0   271247   271247   271247
3   3   5   3   3   0   272770   272770   272770
3   3   5   3   3   0   274292   274292   274292
3   3   5   3   3   0   275814   275814   275814
3   3   5   3   3   0   277337   277337   277337
3   3   5   3   3   0   278859   278859   278862
3   3   5   3   3   0   280382   280382   280382
3   3   5   3   3   0   281905   281905   281905
3   3   5   3   3   0   283427   283427   283427
3   3   5   3   3   0   284949   284949   284949
3   3   5   3   3   0   286472   286472   286472
3   3   5   3   3   0   287994   287994   287994
3   3   5   3   3   0   289517   289517   289517
3   3   5   3   3   0   291039   291039   291039
3   3   5   3   3   0   292562   292562   292562
3   3   5   3   3   0   294084   294084   294084
3   3   5   3   3   0   295607   295607   295607
3   3   5   3   3   0   297129   297129   297129
3   3   5   3   3   0   298651   298651   298651
3   3   5   3   3   0   300174   300174   300174
3   3   5   3   3   0   301696   301696   301696
3   3   5   3   3   0   303219   303219   303219
3   3   5   3   3   0   304741   304741   304741
3   3   5   3   3   0   306264   306264   306264
Context swtch = 760
$ 